xcritical=(3.5e5)*(1.214)/(240*1000/3600)

xcritical =

   6.3735e+03

xcritical=(3.5e5)*(1.214e-5)/(240*1000/3600)

xcritical =

    0.0637

Rex2=(240*1000/3600)*2/(1.214e-5)

Rex2 =

   1.0983e+07

NuL=0.037*((1.098e7)^(4/5))*(0.712^0.5)

NuL =

   1.3394e+04

L=NuL*0.024/2

L =

  160.7329

clear L
hbar=NuL*0.024/2

hbar =

  160.7329

Nux=0.0296*(Rex2^(4/5))*(0.712^(1/3))

Nux =

   1.1342e+04

h=Nux*0.024/2

h =

  136.1055







//new problem
 //new problem
|
{Error: Unexpected MATLAB operator.
} 




clear

k=7.32+0.8*(8.34-7.32)

k =

    8.1360

Pr=0.037+0.8*(.0253-.037)

Pr =

    0.0276

ReL=.07*0.04/(1.12e-7)

ReL =

   2.5000e+04

Nux=.564*((2.5e4)^0.5)*0.0276^0.5

Nux =

   14.8151

x=Nux*k/0.04

x =

   3.0134e+03

273.15+(60+25)/2

ans =

  315.6500

density=13529+0.314*(13407-13529)

density =

   1.3491e+04

k=8.34+0.314*(9.15-8.34)

k =

    8.5943

Pr=0.0253+0.314*(0.0196-0.0253)

Pr =

    0.0235

nu=1.12+0.314*(0.974-1.12)

nu =

    1.0742

Rex=.07*0.04/(1.074e-7)

Rex =

   2.6071e+04

Nux=.564*((Rex)^0.5)*Pr^0.5

Nux =

   13.9632

h=Nux*k/0.04

h =

   3.0001e+03

Rex=.7*0.04/(1.074e-7)

Rex =

   2.6071e+05

Nux=.564*((Rex)^0.5)*Pr^0.5

Nux =

   44.1554

h=Nux*k/0.04

h =

   9.4872e+03







//new problem
 //new problem
|
{Error: Unexpected MATLAB operator.
} 





clear



ReL  = 0.38*0.207/(5.832e-7)

ReL =

   1.3488e+05

ReLh20  = 0.38*0.207/(5.832e-7)

ReLh20 =

   1.3488e+05

ReLmeth  = 0.38*0.207/(0.537e-6)

ReLmeth =

   1.4648e+05

L=0.207;
ReLh20  = 0.38*x/(5.832e-7)
{Undefined function or variable 'x'.
} 
syms x
ReLh20  = 0.38*x/(5.832e-7)
 
ReLh20 =
 
(44862481587261629530112*x)/68852103320239425
 
ReLmeth  = 0.38*(x-L)/(0.537e-6)
 
ReLmeth =
 
(89724963174523259060224*x)/126795540065049975 - 773877807380263109394432/5283147502710415625
 
hh20=0.332*((0.38*x/(5.832e-7))^0.5)*3.77^(1/3)*0.6396/x
 
hh20 =
 
(930250932527837698479*((44862481587261629530112*x)/68852103320239425)^(1/2))/(2814749767106560000000*x)
 
hmeth=0.332*((0.38*(x-L)/(0.537e-6))^0.5)*5.6^(1/3)*0.1965/(L-x)
 
hmeth =
 
-(260871374403539174643*((89724963174523259060224*x)/126795540065049975 - 773877807380263109394432/5283147502710415625)^(1/2))/(2251799813685248000000*(x - 207/1000))
 
Th=273+7;Tmeth=87+273;
(hh20*Th+hmeth*Tmeth)/(hh20+hmeth)
 
ans =
 
((2347842369631852571787*((89724963174523259060224*x)/126795540065049975 - 773877807380263109394432/5283147502710415625)^(1/2))/(56294995342131200000*(x - 207/1000)) - (6511756527694863889353*((44862481587261629530112*x)/68852103320239425)^(1/2))/(70368744177664000000*x))/((260871374403539174643*((89724963174523259060224*x)/126795540065049975 - 773877807380263109394432/5283147502710415625)^(1/2))/(2251799813685248000000*(x - 207/1000)) - (930250932527837698479*((44862481587261629530112*x)/68852103320239425)^(1/2))/(2814749767106560000000*x))
 
T = inline('((2347842369631852571787*((89724963174523259060224*x)/126795540065049975 - 773877807380263109394432/5283147502710415625)^(1/2))/(56294995342131200000*(x - 207/1000)) - (6511756527694863889353*((44862481587261629530112*x)/68852103320239425)^(1/2))/(70368744177664000000*x))/((260871374403539174643*((89724963174523259060224*x)/126795540065049975 - 773877807380263109394432/5283147502710415625)^(1/2))/(2251799813685248000000*(x - 207/1000)) - (930250932527837698479*((44862481587261629530112*x)/68852103320239425)^(1/2))/(2814749767106560000000*x))')

T =

     Inline function:
     T(x) = ((2347842369631852571787*((89724963174523259060224*x)/126795540065049975 - 773877807380263109394432/5283147502710415625)^(1/2))/(56294995342131200000*(x - 207/1000)) - (6511756527694863889353*((44862481587261629530112*x)/68852103320239425)^(1/2))/(70368744177664000000*x))/((260871374403539174643*((89724963174523259060224*x)/126795540065049975 - 773877807380263109394432/5283147502710415625)^(1/2))/(2251799813685248000000*(x - 207/1000)) - (930250932527837698479*((44862481587261629530112*x)/68852103320239425)^(1/2))/(2814749767106560000000*x))

fplot(T,[0,0.3,0,500]); grid on;
{Warning: Imaginary parts of complex X and/or Y arguments ignored} 
{> In <a href="matlab: opentoline('/Applications/MATLAB_R2012a.app/toolbox/matlab/specgraph/fplot.m',153,1)">fplot at 153</a>} 
fplot(T,[0,0.207,250,400]); grid on;
{Warning: Imaginary parts of complex X and/or Y arguments ignored} 
{> In <a href="matlab: opentoline('/Applications/MATLAB_R2012a.app/toolbox/matlab/specgraph/fplot.m',153,1)">fplot at 153</a>} 
fplot(T,[0,0.25,250,400]); grid on;
{Warning: Imaginary parts of complex X and/or Y arguments ignored} 
{> In <a href="matlab: opentoline('/Applications/MATLAB_R2012a.app/toolbox/matlab/specgraph/fplot.m',153,1)">fplot at 153</a>} 
fplot(T,[0,0.207,250,400]); grid on;
{Warning: Imaginary parts of complex X and/or Y arguments ignored} 
{> In <a href="matlab: opentoline('/Applications/MATLAB_R2012a.app/toolbox/matlab/specgraph/fplot.m',153,1)">fplot at 153</a>} 













//probelem 4
 //probelem 4
|
{Error: Unexpected MATLAB operator.
} 










clear

density = 1.217+0.3*(1.177-1.217)

density =

    1.2050

1.205*1006.3*10*.01*.0254*10

ans =

   30.7998

1.205*1006.3*10*.01*.2*10

ans =

  242.5183

243/(2*0.0254*0.2)

ans =

   2.3917e+04

293+320

ans =

   613

ans/2

ans =

  306.5000

310*2

ans =

   620

ans-273

ans =

   347

293+350

ans =

   643

/2
 /2
|
{Error: Unexpected MATLAB operator.
} 
ans/3

ans =

  214.3333

643/2

ans =

  321.5000

.664*((10*0.0254/(1.754e-5))^.5)*.708^(1/3)*0.02753/(0.0254)

ans =

   77.1887

(2.3917e4)/77.19+273

ans =

  582.8458

.68*((10*0.0254/(1.754e-5))^.5)*.708^(1/3)*0.02753/(0.0254)

ans =

   79.0487

(2.3917e4)/79.05+273

ans =

  575.5553

243/(2*0.0254*.2)

ans =

   2.3917e+04

.68*((10*0.0254/(2.073e-5))^.5)*.707^(1/3)*0.02984/(0.0254)

ans =

   78.7767

10*0.0254/(2.073e-5)

ans =

   1.2253e+04

.68*((10*0.0254/(2.619e-5))^.5)*.704^(1/3)*0.03328/(0.0254)

ans =

   78.0546

(2.3917e4)/78.05+293

ans =

  599.4318

.68*((10*0.0254/(3.21e-5))^.5)*.703^(1/3)*0.03656/(0.0254)

ans =

   77.4160

(2.3917e4)/77.42+293

ans =

  601.9253

ans-273

ans =

  328.9253

.453*((10*0.0254/(7.623e-5))^.5)*.719^(1/3)*0.05425/(0.0254)

ans =

   50.0335

(2.3917e4)/50.03+303

ans =

  781.0532

ans-273

ans =

  508.0532

527/2

ans =

  263.5000

1.358+.35*(1.308-1.358)

ans =

    1.3405

5*.6/(1.3405e-5)

ans =

   2.2380e+05

1.214+.35*(1.299-1.214)

ans =

    1.2437

5*.6/(1.2437e-5)

ans =

   2.4122e+05

.02329+.35*(.024-.02329)

ans =

    0.0235

0.68*((2.4122e5)^0.5)*0.712^(1/3)

ans =

  298.2238

298.22*0.0235/0.6

ans =

   11.6803

1000/(.6^2)

ans =

   2.7778e+03

ans/11.68+(273+27)

ans =

  537.8234

300+273+227

ans =

   800

5*.6/(2.4122e5)

ans =

   1.2437e-05

5*.6/(2.4122e-5)

ans =

   1.2437e+05

0.68*((1.2437e5)^0.5)*0.704^(1/3)

ans =

  213.3328

213.33*0.0235/.6

ans =

    8.3554

213.33*0.03328/.6

ans =

   11.8327

(2.78e3)/11.83+300

ans =

  534.9958

35/500

ans =

    0.0700

11.83/2

ans =

    5.9150

5*0.6/(3.845e-5)

ans =

   7.8023e+04

.453*((7.8023e4)^0.5)*(0.704^(1/3))

ans =

  112.5642

112.56*0.03971/.6

ans =

    7.4496

(2.78e3)/7.45+300

ans =

  673.1544

26.85/700

ans =

    0.0384

