

clear
clc
n = 99; c = ones(n,1)/n^5;
d0 = 4*ones(1,99);
d0(1) = 12; d(2:4) = [6 6 6]

d =

     0     6     6     6

d1(2:4) = [6 6 6]

d1 =

     0     6     6     6

d0(2:4) = [6 6 6]

d0 =

  Columns 1 through 11

    12     6     6     6     4     4     4     4     4     4     4

  Columns 12 through 22

     4     4     4     4     4     4     4     4     4     4     4

  Columns 23 through 33

     4     4     4     4     4     4     4     4     4     4     4

  Columns 34 through 44

     4     4     4     4     4     4     4     4     4     4     4

  Columns 45 through 55

     4     4     4     4     4     4     4     4     4     4     4

  Columns 56 through 66

     4     4     4     4     4     4     4     4     4     4     4

  Columns 67 through 77

     4     4     4     4     4     4     4     4     4     4     4

  Columns 78 through 88

     4     4     4     4     4     4     4     4     4     4     4

  Columns 89 through 99

     4     4     4     4     4     4     4     4     4     4     4

clear
clc












n = 99; 
d0 = 6*ones(1,n); d0(1) = [12]; d0(n-1:n) = [ 111/25 12/25];
d1 = -4*ones(1,n-1); d1(1) = -6; d1(n-1) = [-43/25];
dneg1 = -4*ones(1,n-1); d1(n-2:n-1) = [-93/25 -24/25];
d2 = ones(1,n-2); d2(1) = [4/3]; 
dneg2 = ones(1,n-2); dneg2(n-2) = [12/25];

A = diag(d0) + diag(d1,1) + diag(dneg1,-1) + diag(d2,2) + diag(dneg2,-2);
c = ones(n,1)/n^5;
x = (A^-1)*c;

ans1 = x(1:5)

ans1 =

   1.0e-06 *

    0.0409
    0.1602
    0.3529
    0.6141
    0.9391

ans2 = x(94:99)

ans2 =

   1.0e-06 *

    0.5058
    0.2719
    0.1085
    0.0205
    0.0129
    0.0873










%2)








syms x; f = 0.5*x - sin(1/x);

ezplot(f); grid on;


% all roots for x is greater than 0.04:

ezplot(f,[0,2]); grid on;
ezplot(f,[0,1.5]); grid on;
g = matlabFunction(f);
ezplot(f,[0,0.5]); grid on;
ezplot(f,[0.035,0.5]); grid on;
ezplot(f,[0.035,0.045]); grid on;
bisect(g,0.041,0.05,10e-7)

ans =

    0.0455

ezplot(f,[0.0455,0.06]); grid on;
bisect(g,0.052,0.054,10e-7)

ans =

    0.0530

ezplot(f,[0.06,0.08]); grid on;
bisect(g,0.062,0.066,10e-7)

ans =

    0.0638

bisect(g,0.078,0.08,10e-7)

ans =

    0.0793

ezplot(f,[0.08,0.1]); grid on;
ezplot(f,[0.1,0.5]); grid on;
bisect(g,0.1,0.15,10e-7)

ans =

    0.1067

bisect(g,0.15,0.35,10e-7)

ans =

    0.3364

ezplot(f,[0.5,5); grid on;
 ezplot(f,[0.5,5); grid on;
               |
{Error: Unbalanced or unexpected parenthesis or bracket.
} 
ezplot(f,[0.5,5]); grid on;
bisect(g,1,2,10e-7)

ans =

    1.3498

diary off








%3



clear
clc
F = @(x) [(3*x(1) + 4*x(2) + exp(x(3)+x(4)) - 1.007); ...
(6*x(1) - 4*x(2) + exp(x(3) + 3*x(4)) - 11); ...
(x(1)^4 - 4*x(2)^2 - 8*x(3) + 6*x(4) - 20);(x(1)^2 + 2*x(2)^3 - x(3) + x(4) -4)];



opt = optimset('Tolfun', 1.0e-12, 'TolX', 1.0e-12, 'Display', 'off');

[x, fval, flag, output] = fsolve(F, [1;1;1;1], opt);

ans1 = x

ans1 =

   -0.7673
    0.5907
   -1.5272
    1.4719

flag

flag =

     1

fval

fval =

   1.0e-13 *

    0.0022
    0.1243
   -0.0355
         0





[x, fval, flag, output] = fsolve(F, [-1;-1;-1;-1], opt);


ans2 = x

ans2 =

   -0.7673
    0.5907
   -1.5272
    1.4719

flag

flag =

     1

fval

fval =

   1.0e-14 *

    0.0222
    0.5329
         0
   -0.0444




F = @(x) [(3*x(1) + 4*x(2) + exp(x(3)+x(4)) - 1.007); ...
(6*x(1) - 4*x(2) + exp(x(3) + 3*x(4)) - 11); ...
(x(1)^4 - 4*x(2)^2 - 8*x(3) + 6*x(4) - 20);(x(1)^2 + 2*x(2)^3 - x(3) + x(4) -4)];
 
opt = optimset('Tolfun', 1.0e-12, 'TolX', 1.0e-12, 'Display', 'off');


[x, fval, flag, output] = fsolve(F, [4;2;-3;-1], opt);
x

x =

   -0.7673
    0.5907
   -1.5272
    1.4719

[x, fval, flag, output] = fsolve(F, [8;8;-8;-1], opt);
x

x =

   -0.7673
    0.5907
   -1.5272
    1.4719

[x, fval, flag, output] = fsolve(F, [-10;-10;-10;-10], opt);
x

x =

    1.1953
   -0.6593
   -1.9416
    0.7059

fval

fval =

    0.2321
    0.0014
    0.0708
   -0.4970

flag

flag =

    -3

[x, fval, flag, output] = fsolve(F, [-8;-8;-8;-8], opt);
x

x =

    1.1953
   -0.6593
   -1.9416
    0.7059

flag

flag =

    -2

[x, fval, flag, output] = fsolve(F, [-4;-4;-4;-4], opt);
x

x =

    1.1953
   -0.6593
   -1.9416
    0.7059

flg
{Undefined function or variable 'flg'.
} 
flag

flag =

    -3

[x, fval, flag, output] = fsolve(F, [-6;-6;-6;-6], opt);
x

x =

    1.1953
   -0.6593
   -1.9416
    0.7059

flag

flag =

    -3

[x, fval, flag, output] = fsolve(F, [10;10;10;10], opt);
x

x =

   -2.4198
   -0.5411
    1.9417
    0.4030

flag

flag =

     1

fval

